1000 200 100 100
186
179
177
30
65
54
155
152
107
84
11
148
161
196
82
138
35
180
56
70
108
66
21
67
168
110
183
52
124
135
69
105
174
102
44
31
165
160
72
59
9
87
21
72
13
35
110
199
156
101
142
102
170
117
85
52
141
85
189
196
124
37
133
176
102
80
94
24
174
79
37
124
118
156
112
94
194
114
93
67
142
27
143
99
138
114
9
86
125
178
128
82
72
174
117
123
36
99
96
138
166
43
11
162
114
107
86
142
15
80
118
134
10
101
52
108
28
39
107
98
64
149
178
71
8
90
11
34
175
62
34
109
29
52
154
45
6
77
29
17
4
108
179
18
102
51
149
18
65
142
57
71
94
6
33
66
12
162
39
51
176
153
148
176
26
2
66
38
161
48
78
23
34
112
2
156
93
85
129
93
152
102
109
182
152
78
77
12
181
100
35
145
158
172
62
60
133
94
82
93
180
189
129
7
119
131
188
47
148
195
114
68
137
199
117
95
29
3
80
61
186
113
29
74
169
135
87
81
38
118
172
121
149
180
125
26
190
141
137
145
61
53
174
119
149
177
1
33
117
70
97
100
75
74
127
55
185
138
56
37
142
172
78
91
94
54
132
39
84
182
152
162
191
115
134
200
122
116
91
77
33
88
135
65
81
189
31
127
143
29
153
67
52
182
145
162
95
121
36
151
19
126
43
99
186
53
170
68
11
56
81
130
88
175
91
62
139
132
54
123
74
72
82
17
192
142
85
183
94
47
142
138
58
45
152
52
95
155
82
190
5
141
37
88
59
69
181
136
137
5
171
162
107
76
67
72
163
106
50
194
29
174
42
183
42
75
160
68
125
22
53
4
114
179
61
137
112
120
37
10
4
146
168
125
160
103
51
159
108
4
127
26
68
96
79
142
121
120
51
155
77
4
53
190
153
42
58
19
145
34
82
9
147
90
195
116
187
194
99
79
83
187
5
200
137
123
119
184
25
148
113
115
149
71
40
5
50
2
35
166
181
58
190
104
118
5
173
126
196
110
195
39
24
78
13
195
158
145
112
45
98
160
66
98
31
5
55
9
182
132
138
3
77
23
55
37
182
122
94
139
193
121
107
88
76
31
76
147
82
169
163
172
91
154
5
88
147
104
98
137
196
134
149
145
144
147
158
24
113
11
86
165
180
21
59
17
31
101
133
50
22
19
128
86
36
163
27
118
7
14
48
134
93
178
85
98
126
93
131
90
66
135
13
1
53
145
194
19
55
104
15
86
49
199
151
114
173
52
28
51
157
1
11
47
143
30
34
155
160
5
29
131
38
190
10
106
34
148
42
102
198
192
97
31
99
29
95
89
159
83
48
73
100
176
41
69
36
60
20
38
44
115
94
154
39
72
46
189
109
168
185
41
83
181
52
150
37
13
145
123
24
18
55
189
37
131
147
31
99
98
35
91
109
63
148
72
124
78
129
157
157
156
24
21
46
87
128
131
117
135
70
31
147
152
160
1
127
177
193
38
45
178
78
82
104
145
40
69
125
198
35
104
187
80
14
169
104
159
173
189
93
131
124
134
181
77
140
197
58
108
58
170
25
163
14
1
151
2
170
71
19
129
180
14
102
188
165
150
16
107
171
93
181
81
51
199
160
120
11
193
183
163
80
146
103
181
147
131
25
56
121
17
29
159
43
65
198
48
139
171
119
12
9
170
188
186
13
195
195
139
125
91
76
167
145
94
160
127
117
46
166
84
135
145
156
49
114
54
35
140
50
81
27
187
80
173
50
60
160
169
143
189
34
22
147
158
94
48
147
99
132
75
143
39
34
72
110
85
79
39
134
128
32
167
102
38
112
109
199
32
94
138
3
62
97
136
164
57
191
117
64
120
39
105
83
191
67
85
149
125
99
36
110
124
5
158
184
79
1
147
164
15
69
197
23
110
76
177
54
200
180
16
23
183
119
16
178
30
162
16
41
55
69
149
140
57
179
190
87
180
147
174
64
136
125
147
91
21
65
179
9
43
164
103
81
78
92
42
181
122
7
171
96
197
55
41
94
69
80
174
141
119
21
8
115
106
160
60
176
116
33
99
181
51
129
106
69
30
14
77
3
53
137
92
76
102
191
128
6
122
22
159
185
199
65
150
62
151
20
119
93
145
115
52
51
142
49
98
67
159
109
169
20
189
146
163
180
186
182
91
172
54
171
104
4
28
53
130
143
78
107
181
67
125
121
43
194
150
117
191
132
121
137
127
169
148
176
81
25
200
172
130
78
59
80
42
93
174
66
100